$ANSIBLE_VAULT;1.1;AES256
37343132333334623232336439326364343333353566333230333735303966616664386461636363
3833626262313939356166363930663633396538616134390a333935653966613764303138363931
38376663333363643538366364306162613339343962363663343963303130353461386565353763
6663353163396132340a383137386238646663653966383264643439336162383564363332643931
61386339363031346633386464343539656639306164353531616539336630373338303435383437
39386261316235356538666337383362643965306464633861353031376539373662616331306633
36313062343865626238366338343265636162666638383735373066343336366233663334353033
66306236663566636363313561633662323732623939386261646161336634663431626330356331
65623063613135393665373965336665643934366262656266376432656166363139353163643237
62326638386435343932383038633432356233373133383333393537623536356461346364303935
303433626236306662613262363431636332
