$ANSIBLE_VAULT;1.1;AES256
38646663623037396661346633333237346161343464663331333064613732323865346661333065
6136396535366131636363643032333664303731346261360a626430373562303266666433643133
63303266383436616561663266386637653832623933373062326564363666316135633032303937
6631656531373034620a616563646135353239666339616635616639646265616364633837303133
36356536663264386631616462376161613339333663333234376237396630383833383739313234
65323461303534653032316665386663366539326664373337313739666130613562646639353233
36636633303130393635653930636536356465303834373331613635653664656161383735366434
64356165393762646239643437646437373765623532613033303631343738306530393961323330
32326664633439663530396334653161373131356562346234643136636339646230376434653932
64653265623061643162363934633464313064616231346461333732373730363937366539633262
32306435393631306239616663613230373438303061663134643435373637633964373766393565
61666134386435663130383766336532373730636562393037353533653364326461326333643332
61336537626439343731396263616235656163316430616536313137363736613735
